
Initial state: 
10 5 11 3 
9 4 X 6 
13 7 12 14 
2 1 15 8 

Generating solution... 
10 5 11 3 
9 4 X 6 
13 7 12 14 
2 1 15 8 

10 5 X 3 
9 4 11 6 
13 7 12 14 
2 1 15 8 

10 5 3 X 
9 4 11 6 
13 7 12 14 
2 1 15 8 

10 X 5 3 
9 4 11 6 
13 7 12 14 
2 1 15 8 

10 4 5 3 
9 X 11 6 
13 7 12 14 
2 1 15 8 

X 10 5 3 
9 4 11 6 
13 7 12 14 
2 1 15 8 

10 4 5 3 
9 7 11 6 
13 X 12 14 
2 1 15 8 

10 4 5 3 
9 7 11 6 
13 1 12 14 
2 X 15 8 

10 4 5 3 
9 7 11 6 
13 1 12 14 
X 2 15 8 

10 4 5 3 
9 7 11 6 
X 1 12 14 
13 2 15 8 

10 4 5 3 
X 7 11 6 
9 1 12 14 
13 2 15 8 

X 4 5 3 
10 7 11 6 
9 1 12 14 
13 2 15 8 

4 X 5 3 
10 7 11 6 
9 1 12 14 
13 2 15 8 

4 7 5 3 
10 X 11 6 
9 1 12 14 
13 2 15 8 

4 7 5 3 
10 1 11 6 
9 X 12 14 
13 2 15 8 

4 7 5 3 
10 1 11 6 
9 2 12 14 
13 X 15 8 

4 7 5 3 
X 10 11 6 
9 1 12 14 
13 2 15 8 

4 7 5 3 
10 1 11 6 
9 12 X 14 
13 2 15 8 

4 7 5 3 
10 1 X 6 
9 12 11 14 
13 2 15 8 

4 7 X 3 
10 1 5 6 
9 12 11 14 
13 2 15 8 

4 7 3 X 
10 1 5 6 
9 12 11 14 
13 2 15 8 

4 X 7 3 
10 1 5 6 
9 12 11 14 
13 2 15 8 

4 1 7 3 
10 X 5 6 
9 12 11 14 
13 2 15 8 

4 1 7 3 
X 10 5 6 
9 12 11 14 
13 2 15 8 

4 1 7 3 
10 5 X 6 
9 12 11 14 
13 2 15 8 

4 1 7 3 
10 5 6 X 
9 12 11 14 
13 2 15 8 

4 1 X 3 
10 5 7 6 
9 12 11 14 
13 2 15 8 

4 1 3 X 
10 5 7 6 
9 12 11 14 
13 2 15 8 

4 1 3 6 
10 5 7 X 
9 12 11 14 
13 2 15 8 

4 1 3 6 
10 5 7 14 
9 12 11 X 
13 2 15 8 

4 1 3 6 
10 5 7 14 
9 12 11 8 
13 2 15 X 

4 1 3 6 
10 5 X 7 
9 12 11 14 
13 2 15 8 

4 1 7 X 
10 5 6 3 
9 12 11 14 
13 2 15 8 

4 1 7 3 
10 5 6 14 
9 12 11 X 
13 2 15 8 

4 1 3 6 
10 5 7 14 
9 12 X 11 
13 2 15 8 

4 1 3 6 
10 5 7 14 
9 X 12 11 
13 2 15 8 

4 1 3 6 
10 5 7 14 
9 2 12 11 
13 X 15 8 

4 1 3 6 
10 X 5 7 
9 12 11 14 
13 2 15 8 

4 1 3 6 
X 10 5 7 
9 12 11 14 
13 2 15 8 

4 1 7 3 
10 5 6 14 
9 12 11 8 
13 2 15 X 

4 1 3 6 
10 X 7 14 
9 5 12 11 
13 2 15 8 

4 1 3 6 
X 10 7 14 
9 5 12 11 
13 2 15 8 

4 1 3 6 
10 5 7 14 
9 2 12 11 
X 13 15 8 

X 1 3 6 
4 10 7 14 
9 5 12 11 
13 2 15 8 

1 X 3 6 
4 10 7 14 
9 5 12 11 
13 2 15 8 

1 10 3 6 
4 X 7 14 
9 5 12 11 
13 2 15 8 

1 10 3 6 
4 5 7 14 
9 X 12 11 
13 2 15 8 

1 10 3 6 
4 5 7 14 
9 2 12 11 
13 X 15 8 

1 10 3 6 
X 4 7 14 
9 5 12 11 
13 2 15 8 

1 10 3 6 
4 5 7 14 
9 12 X 11 
13 2 15 8 

1 10 3 6 
4 5 7 14 
9 12 11 X 
13 2 15 8 

1 10 3 6 
4 5 7 X 
9 12 11 14 
13 2 15 8 

1 10 3 6 
4 5 7 14 
9 12 11 8 
13 2 15 X 

1 10 3 X 
4 5 7 6 
9 12 11 14 
13 2 15 8 

1 10 3 6 
4 5 X 7 
9 12 11 14 
13 2 15 8 

1 10 3 6 
4 5 7 14 
9 2 12 11 
X 13 15 8 

1 10 3 6 
4 5 7 14 
9 2 12 11 
13 15 X 8 

1 10 X 3 
4 5 7 6 
9 12 11 14 
13 2 15 8 

1 10 3 6 
4 X 5 7 
9 12 11 14 
13 2 15 8 

1 X 3 6 
4 10 5 7 
9 12 11 14 
13 2 15 8 

1 10 3 6 
X 4 5 7 
9 12 11 14 
13 2 15 8 

1 10 7 3 
4 5 X 6 
9 12 11 14 
13 2 15 8 

1 10 7 3 
4 5 6 X 
9 12 11 14 
13 2 15 8 

1 10 3 6 
4 5 7 14 
9 2 12 11 
13 15 8 X 

1 10 7 X 
4 5 6 3 
9 12 11 14 
13 2 15 8 

1 10 7 3 
4 5 6 14 
9 12 11 X 
13 2 15 8 

1 10 7 3 
4 5 6 14 
9 12 11 8 
13 2 15 X 

1 10 X 6 
4 5 3 7 
9 12 11 14 
13 2 15 8 

1 10 6 X 
4 5 3 7 
9 12 11 14 
13 2 15 8 

1 10 3 6 
9 4 7 14 
X 5 12 11 
13 2 15 8 

1 10 3 6 
9 4 7 14 
5 X 12 11 
13 2 15 8 

1 10 3 6 
9 4 7 14 
5 2 12 11 
13 X 15 8 

X 10 3 6 
1 4 7 14 
9 5 12 11 
13 2 15 8 

1 10 3 6 
4 5 7 14 
X 9 12 11 
13 2 15 8 

1 10 3 6 
9 4 7 14 
5 12 X 11 
13 2 15 8 

1 10 3 6 
9 4 7 14 
5 12 11 X 
13 2 15 8 

1 10 3 6 
9 4 7 X 
5 12 11 14 
13 2 15 8 

1 10 3 6 
9 4 7 14 
5 12 11 8 
13 2 15 X 

1 10 3 X 
9 4 7 6 
5 12 11 14 
13 2 15 8 

1 10 3 6 
9 4 X 7 
5 12 11 14 
13 2 15 8 

1 10 3 6 
9 X 4 7 
5 12 11 14 
13 2 15 8 

1 X 3 6 
9 10 4 7 
5 12 11 14 
13 2 15 8 

1 10 3 6 
9 12 4 7 
5 X 11 14 
13 2 15 8 

1 10 3 6 
9 12 4 7 
5 2 11 14 
13 X 15 8 

1 10 3 6 
X 9 4 7 
5 12 11 14 
13 2 15 8 

X 1 3 6 
9 10 4 7 
5 12 11 14 
13 2 15 8 

1 3 X 6 
9 10 4 7 
5 12 11 14 
13 2 15 8 

1 3 4 6 
9 10 X 7 
5 12 11 14 
13 2 15 8 

1 3 4 6 
9 10 7 X 
5 12 11 14 
13 2 15 8 

1 3 4 X 
9 10 7 6 
5 12 11 14 
13 2 15 8 

1 3 X 4 
9 10 7 6 
5 12 11 14 
13 2 15 8 

1 X 3 4 
9 10 7 6 
5 12 11 14 
13 2 15 8 

1 10 3 4 
9 X 7 6 
5 12 11 14 
13 2 15 8 

X 1 3 4 
9 10 7 6 
5 12 11 14 
13 2 15 8 

1 10 3 4 
9 12 7 6 
5 X 11 14 
13 2 15 8 

1 10 3 4 
9 12 7 6 
5 2 11 14 
13 X 15 8 

1 10 3 4 
X 9 7 6 
5 12 11 14 
13 2 15 8 

1 10 3 4 
5 9 7 6 
X 12 11 14 
13 2 15 8 

1 10 3 4 
5 9 7 6 
12 X 11 14 
13 2 15 8 

1 10 3 4 
5 X 7 6 
12 9 11 14 
13 2 15 8 

1 X 3 4 
5 10 7 6 
12 9 11 14 
13 2 15 8 

1 10 3 4 
5 9 7 6 
12 2 11 14 
13 X 15 8 

X 1 3 4 
5 10 7 6 
12 9 11 14 
13 2 15 8 

1 3 X 4 
5 10 7 6 
12 9 11 14 
13 2 15 8 

1 3 7 4 
5 10 X 6 
12 9 11 14 
13 2 15 8 

1 3 7 4 
5 10 6 X 
12 9 11 14 
13 2 15 8 

1 3 7 4 
5 10 6 14 
12 9 11 X 
13 2 15 8 

1 3 7 4 
5 10 6 14 
12 9 11 8 
13 2 15 X 

1 3 7 4 
9 10 X 6 
5 12 11 14 
13 2 15 8 

1 3 7 4 
9 10 6 X 
5 12 11 14 
13 2 15 8 

1 10 3 4 
5 9 7 6 
13 12 11 14 
X 2 15 8 

1 10 3 4 
5 9 7 6 
12 2 11 14 
X 13 15 8 

1 3 7 4 
9 10 6 14 
5 12 11 X 
13 2 15 8 

1 10 3 4 
5 9 7 6 
12 2 11 14 
13 15 X 8 

1 3 7 4 
5 X 10 6 
12 9 11 14 
13 2 15 8 

1 3 7 4 
9 10 6 14 
5 12 11 8 
13 2 15 X 

1 10 3 4 
5 9 7 6 
12 2 11 14 
13 15 8 X 

1 10 3 4 
X 5 7 6 
12 9 11 14 
13 2 15 8 

1 10 3 4 
5 7 X 6 
12 9 11 14 
13 2 15 8 

1 10 3 4 
5 7 6 X 
12 9 11 14 
13 2 15 8 

1 10 3 4 
5 7 6 14 
12 9 11 X 
13 2 15 8 

1 10 3 4 
5 7 6 14 
12 9 11 8 
13 2 15 X 

1 3 7 4 
5 10 6 14 
12 9 X 11 
13 2 15 8 

1 3 7 4 
5 9 10 6 
12 X 11 14 
13 2 15 8 

1 3 7 4 
5 9 10 6 
12 2 11 14 
13 X 15 8 

1 3 7 4 
5 9 10 6 
X 12 11 14 
13 2 15 8 

1 3 7 4 
9 X 10 6 
5 12 11 14 
13 2 15 8 

1 10 3 4 
5 9 7 6 
13 12 11 14 
2 X 15 8 

1 X 7 4 
5 3 10 6 
12 9 11 14 
13 2 15 8 

1 10 3 4 
5 9 7 6 
X 2 11 14 
12 13 15 8 

1 3 4 X 
5 10 7 6 
12 9 11 14 
13 2 15 8 

1 3 4 6 
5 10 7 X 
12 9 11 14 
13 2 15 8 

5 1 3 4 
X 10 7 6 
12 9 11 14 
13 2 15 8 

1 10 3 4 
5 9 7 6 
12 11 X 14 
13 2 15 8 

1 10 3 4 
5 9 7 6 
12 11 14 X 
13 2 15 8 

1 10 3 4 
5 9 7 X 
12 11 14 6 
13 2 15 8 

1 10 3 4 
5 9 7 6 
12 11 14 8 
13 2 15 X 

1 10 3 4 
9 12 7 6 
X 5 11 14 
13 2 15 8 

1 10 3 4 
X 12 7 6 
9 5 11 14 
13 2 15 8 

1 10 3 4 
12 X 7 6 
9 5 11 14 
13 2 15 8 

1 X 3 4 
12 10 7 6 
9 5 11 14 
13 2 15 8 

1 10 3 4 
12 5 7 6 
9 X 11 14 
13 2 15 8 

1 10 3 4 
12 5 7 6 
9 2 11 14 
13 X 15 8 

1 10 3 4 
12 5 7 6 
9 2 11 14 
X 13 15 8 

1 10 3 4 
12 5 7 6 
9 2 11 14 
13 15 X 8 

1 10 3 4 
12 5 7 6 
9 2 11 14 
13 15 8 X 

1 10 3 4 
9 12 7 6 
5 2 11 14 
13 15 X 8 

1 10 3 4 
9 12 7 6 
5 2 11 14 
X 13 15 8 

9 1 3 4 
X 10 7 6 
5 12 11 14 
13 2 15 8 

9 1 3 4 
5 10 7 6 
X 12 11 14 
13 2 15 8 

9 1 3 4 
5 10 7 6 
12 X 11 14 
13 2 15 8 

9 1 3 4 
5 X 7 6 
12 10 11 14 
13 2 15 8 

9 1 3 4 
5 10 7 6 
12 2 11 14 
13 X 15 8 

9 X 3 4 
5 1 7 6 
12 10 11 14 
13 2 15 8 

9 1 3 4 
X 5 7 6 
12 10 11 14 
13 2 15 8 

X 1 3 4 
9 5 7 6 
12 10 11 14 
13 2 15 8 

1 X 3 4 
9 5 7 6 
12 10 11 14 
13 2 15 8 

1 5 3 4 
9 X 7 6 
12 10 11 14 
13 2 15 8 

1 3 X 4 
9 5 7 6 
12 10 11 14 
13 2 15 8 

1 5 3 4 
X 9 7 6 
12 10 11 14 
13 2 15 8 

1 3 7 4 
9 5 X 6 
12 10 11 14 
13 2 15 8 

1 3 7 4 
9 5 6 X 
12 10 11 14 
13 2 15 8 

1 3 7 4 
9 5 6 14 
12 10 11 X 
13 2 15 8 

1 3 7 4 
9 5 6 14 
12 10 11 8 
13 2 15 X 

9 1 3 4 
5 7 X 6 
12 10 11 14 
13 2 15 8 

9 1 3 4 
5 7 6 X 
12 10 11 14 
13 2 15 8 

1 5 3 4 
9 10 7 6 
12 X 11 14 
13 2 15 8 

1 5 3 4 
9 10 7 6 
12 2 11 14 
13 X 15 8 

1 5 3 4 
9 10 7 6 
X 12 11 14 
13 2 15 8 

1 5 3 4 
X 10 7 6 
9 12 11 14 
13 2 15 8 

1 5 3 4 
10 X 7 6 
9 12 11 14 
13 2 15 8 

1 X 3 4 
10 5 7 6 
9 12 11 14 
13 2 15 8 

X 5 3 4 
1 10 7 6 
9 12 11 14 
13 2 15 8 

5 X 3 4 
1 10 7 6 
9 12 11 14 
13 2 15 8 

1 5 3 4 
10 12 7 6 
9 X 11 14 
13 2 15 8 

1 5 3 4 
10 12 7 6 
9 2 11 14 
13 X 15 8 

X 1 3 4 
10 5 7 6 
9 12 11 14 
13 2 15 8 

1 3 X 4 
10 5 7 6 
9 12 11 14 
13 2 15 8 

5 10 3 4 
1 X 7 6 
9 12 11 14 
13 2 15 8 

1 3 7 4 
10 5 X 6 
9 12 11 14 
13 2 15 8 

1 3 7 4 
10 5 6 X 
9 12 11 14 
13 2 15 8 

1 3 7 4 
10 5 6 14 
9 12 11 X 
13 2 15 8 

1 3 7 4 
10 5 6 14 
9 12 11 8 
13 2 15 X 

1 5 3 4 
9 7 X 6 
12 10 11 14 
13 2 15 8 

1 5 3 4 
9 7 6 X 
12 10 11 14 
13 2 15 8 

1 5 3 4 
10 12 7 6 
9 2 11 14 
13 15 X 8 

1 5 3 4 
9 7 6 14 
12 10 11 X 
13 2 15 8 

1 5 3 4 
10 12 7 6 
9 2 11 14 
13 15 8 X 

1 5 3 4 
9 7 6 14 
12 10 11 8 
13 2 15 X 

10 1 3 4 
X 5 7 6 
9 12 11 14 
13 2 15 8 

10 1 3 4 
5 X 7 6 
9 12 11 14 
13 2 15 8 

10 X 3 4 
5 1 7 6 
9 12 11 14 
13 2 15 8 

X 10 3 4 
5 1 7 6 
9 12 11 14 
13 2 15 8 

10 1 3 4 
5 12 7 6 
9 X 11 14 
13 2 15 8 

10 1 3 4 
5 12 7 6 
9 2 11 14 
13 X 15 8 

5 10 3 4 
1 12 7 6 
9 X 11 14 
13 2 15 8 

5 10 3 4 
1 12 7 6 
9 2 11 14 
13 X 15 8 

10 1 3 4 
5 7 X 6 
9 12 11 14 
13 2 15 8 

10 1 3 4 
5 7 6 X 
9 12 11 14 
13 2 15 8 

10 1 3 4 
5 12 7 6 
9 2 11 14 
X 13 15 8 

10 1 3 4 
5 12 7 6 
9 2 11 14 
13 15 X 8 

10 1 3 4 
5 7 6 14 
9 12 11 X 
13 2 15 8 

10 1 3 4 
5 12 7 6 
9 2 11 14 
13 15 8 X 

10 1 3 4 
5 7 6 14 
9 12 11 8 
13 2 15 X 

5 10 3 4 
X 1 7 6 
9 12 11 14 
13 2 15 8 

1 3 7 4 
10 X 5 6 
9 12 11 14 
13 2 15 8 

1 3 7 4 
X 10 5 6 
9 12 11 14 
13 2 15 8 

1 5 3 4 
12 9 7 6 
X 10 11 14 
13 2 15 8 

5 3 X 4 
1 10 7 6 
9 12 11 14 
13 2 15 8 

1 5 3 4 
10 12 7 6 
9 2 11 14 
X 13 15 8 

5 3 7 4 
1 10 X 6 
9 12 11 14 
13 2 15 8 

5 3 7 4 
1 10 6 X 
9 12 11 14 
13 2 15 8 

1 3 7 4 
9 X 5 6 
12 10 11 14 
13 2 15 8 

5 3 7 4 
1 10 6 14 
9 12 11 X 
13 2 15 8 

1 5 3 4 
10 7 X 6 
9 12 11 14 
13 2 15 8 

1 5 3 4 
10 7 6 X 
9 12 11 14 
13 2 15 8 

5 3 7 4 
1 10 6 14 
9 12 11 8 
13 2 15 X 

1 5 3 4 
10 7 6 14 
9 12 11 X 
13 2 15 8 

9 1 3 4 
5 7 6 14 
12 10 11 X 
13 2 15 8 

1 5 3 4 
10 7 6 14 
9 12 11 8 
13 2 15 X 

9 1 3 4 
5 7 6 14 
12 10 11 8 
13 2 15 X 

10 3 X 4 
5 1 7 6 
9 12 11 14 
13 2 15 8 

10 1 3 4 
5 12 7 6 
X 9 11 14 
13 2 15 8 

1 X 7 4 
10 3 5 6 
9 12 11 14 
13 2 15 8 

10 3 7 4 
5 1 X 6 
9 12 11 14 
13 2 15 8 

10 3 7 4 
5 1 6 X 
9 12 11 14 
13 2 15 8 

5 3 7 4 
1 X 10 6 
9 12 11 14 
13 2 15 8 

1 3 7 4 
X 9 5 6 
12 10 11 14 
13 2 15 8 

10 3 7 4 
5 1 6 14 
9 12 11 X 
13 2 15 8 

1 X 7 4 
9 3 5 6 
12 10 11 14 
13 2 15 8 

1 3 7 4 
10 12 5 6 
9 X 11 14 
13 2 15 8 

1 3 7 4 
10 12 5 6 
9 2 11 14 
13 X 15 8 

10 3 7 4 
5 1 6 14 
9 12 11 8 
13 2 15 X 

X 3 7 4 
1 10 5 6 
9 12 11 14 
13 2 15 8 

1 3 7 4 
9 10 5 6 
X 12 11 14 
13 2 15 8 

5 10 3 4 
1 12 7 6 
9 2 11 14 
X 13 15 8 

5 10 3 4 
1 12 7 6 
9 2 11 14 
13 15 X 8 

10 1 3 4 
5 12 7 6 
9 11 X 14 
13 2 15 8 

10 1 3 4 
5 12 7 6 
9 11 14 X 
13 2 15 8 

10 1 3 4 
5 12 7 X 
9 11 14 6 
13 2 15 8 

10 1 3 4 
5 12 7 6 
9 11 14 8 
13 2 15 X 

5 10 3 4 
1 12 7 6 
9 2 11 14 
13 15 8 X 

10 1 3 4 
5 12 X 6 
9 11 7 14 
13 2 15 8 

10 1 3 4 
5 X 12 6 
9 11 7 14 
13 2 15 8 

10 1 3 4 
5 12 6 X 
9 11 7 14 
13 2 15 8 

10 1 3 4 
5 12 X 7 
9 11 14 6 
13 2 15 8 

10 1 3 4 
5 X 12 7 
9 11 14 6 
13 2 15 8 

10 X 3 4 
5 1 12 6 
9 11 7 14 
13 2 15 8 

X 10 3 4 
5 1 12 6 
9 11 7 14 
13 2 15 8 

10 1 3 4 
5 11 12 6 
9 X 7 14 
13 2 15 8 

10 1 3 4 
5 11 12 6 
9 2 7 14 
13 X 15 8 

10 1 3 4 
5 12 6 14 
9 11 7 X 
13 2 15 8 

10 X 3 4 
5 1 12 7 
9 11 14 6 
13 2 15 8 

X 10 3 4 
5 1 12 7 
9 11 14 6 
13 2 15 8 

10 1 3 4 
5 11 12 7 
9 X 14 6 
13 2 15 8 

10 1 3 4 
5 11 12 7 
9 2 14 6 
13 X 15 8 

10 1 3 4 
5 11 12 7 
9 14 X 6 
13 2 15 8 

10 1 3 4 
5 11 X 7 
9 14 12 6 
13 2 15 8 

10 1 3 4 
5 11 7 X 
9 14 12 6 
13 2 15 8 

10 1 3 4 
5 X 11 7 
9 14 12 6 
13 2 15 8 

10 1 3 4 
5 11 7 6 
9 14 12 X 
13 2 15 8 

10 1 3 4 
5 11 7 6 
9 14 X 12 
13 2 15 8 

10 1 3 4 
5 11 X 6 
9 14 7 12 
13 2 15 8 

10 1 3 4 
5 X 11 6 
9 14 7 12 
13 2 15 8 

10 1 3 4 
5 11 6 X 
9 14 7 12 
13 2 15 8 

10 X 3 4 
5 1 11 6 
9 14 7 12 
13 2 15 8 

X 10 3 4 
5 1 11 6 
9 14 7 12 
13 2 15 8 

10 1 3 4 
5 14 11 6 
9 X 7 12 
13 2 15 8 

10 1 3 4 
5 14 11 6 
9 2 7 12 
13 X 15 8 

10 1 3 4 
5 11 7 6 
9 X 14 12 
13 2 15 8 

10 1 3 4 
5 X 7 6 
9 11 14 12 
13 2 15 8 

10 1 3 4 
5 11 7 6 
9 2 14 12 
13 X 15 8 

10 1 3 4 
X 5 11 6 
9 14 7 12 
13 2 15 8 

X 1 3 4 
10 5 11 6 
9 14 7 12 
13 2 15 8 

1 X 3 4 
10 5 11 6 
9 14 7 12 
13 2 15 8 

1 5 3 4 
10 X 11 6 
9 14 7 12 
13 2 15 8 

1 5 3 4 
X 10 11 6 
9 14 7 12 
13 2 15 8 

1 3 X 4 
10 5 11 6 
9 14 7 12 
13 2 15 8 

1 5 3 4 
10 14 11 6 
9 X 7 12 
13 2 15 8 

1 5 3 4 
10 14 11 6 
9 2 7 12 
13 X 15 8 

1 5 3 4 
10 11 X 6 
9 14 7 12 
13 2 15 8 

1 5 3 4 
10 11 6 X 
9 14 7 12 
13 2 15 8 

X 5 3 4 
1 10 11 6 
9 14 7 12 
13 2 15 8 

5 X 3 4 
1 10 11 6 
9 14 7 12 
13 2 15 8 

1 5 3 4 
9 10 11 6 
X 14 7 12 
13 2 15 8 

1 5 3 4 
10 11 7 6 
9 14 X 12 
13 2 15 8 

5 10 3 4 
1 X 11 6 
9 14 7 12 
13 2 15 8 

10 1 3 4 
5 11 6 12 
9 14 7 X 
13 2 15 8 

5 10 3 4 
X 1 11 6 
9 14 7 12 
13 2 15 8 

1 5 3 4 
10 14 11 6 
9 2 7 12 
13 15 X 8 

5 3 X 4 
1 10 11 6 
9 14 7 12 
13 2 15 8 

5 10 3 4 
1 11 X 6 
9 14 7 12 
13 2 15 8 

5 10 3 4 
1 11 6 X 
9 14 7 12 
13 2 15 8 

10 1 3 4 
5 11 6 12 
9 14 7 8 
13 2 15 X 

1 5 3 4 
9 10 11 6 
14 X 7 12 
13 2 15 8 

1 5 3 4 
9 X 11 6 
14 10 7 12 
13 2 15 8 

1 X 3 4 
9 5 11 6 
14 10 7 12 
13 2 15 8 

1 5 3 4 
9 10 11 6 
14 2 7 12 
13 X 15 8 

1 5 3 4 
X 9 11 6 
14 10 7 12 
13 2 15 8 

1 5 3 4 
9 11 X 6 
14 10 7 12 
13 2 15 8 

1 5 3 4 
9 11 6 X 
14 10 7 12 
13 2 15 8 

X 1 3 4 
9 5 11 6 
14 10 7 12 
13 2 15 8 

1 3 X 4 
9 5 11 6 
14 10 7 12 
13 2 15 8 

1 5 3 4 
9 11 7 6 
14 10 X 12 
13 2 15 8 

1 5 3 4 
9 11 6 12 
14 10 7 X 
13 2 15 8 

9 1 3 4 
X 5 11 6 
14 10 7 12 
13 2 15 8 

9 1 3 4 
5 X 11 6 
14 10 7 12 
13 2 15 8 

9 X 3 4 
5 1 11 6 
14 10 7 12 
13 2 15 8 

9 1 3 4 
5 11 X 6 
14 10 7 12 
13 2 15 8 

9 1 3 4 
5 11 6 X 
14 10 7 12 
13 2 15 8 

9 1 3 4 
5 11 7 6 
14 10 X 12 
13 2 15 8 

1 3 11 4 
9 5 X 6 
14 10 7 12 
13 2 15 8 

1 3 11 4 
9 5 6 X 
14 10 7 12 
13 2 15 8 

1 5 3 4 
9 11 6 12 
14 10 7 8 
13 2 15 X 

9 1 3 4 
5 10 11 6 
14 X 7 12 
13 2 15 8 

9 1 3 4 
5 10 11 6 
14 2 7 12 
13 X 15 8 

9 1 3 4 
5 10 11 6 
X 14 7 12 
13 2 15 8 

9 1 3 4 
5 11 6 12 
14 10 7 X 
13 2 15 8 

1 3 11 4 
9 5 7 6 
14 10 X 12 
13 2 15 8 

1 5 3 4 
10 14 11 6 
9 2 7 12 
13 15 8 X 

9 1 3 4 
5 11 6 12 
14 10 7 8 
13 2 15 X 

1 5 3 4 
10 11 7 6 
9 X 14 12 
13 2 15 8 

1 5 3 4 
10 X 7 6 
9 11 14 12 
13 2 15 8 

1 X 3 4 
10 5 7 6 
9 11 14 12 
13 2 15 8 

1 5 3 4 
X 10 7 6 
9 11 14 12 
13 2 15 8 

1 5 3 4 
10 11 7 6 
9 2 14 12 
13 X 15 8 

5 10 3 4 
1 11 7 6 
9 14 X 12 
13 2 15 8 

1 5 3 4 
14 9 11 6 
X 10 7 12 
13 2 15 8 

X 1 3 4 
10 5 7 6 
9 11 14 12 
13 2 15 8 

1 3 X 4 
10 5 7 6 
9 11 14 12 
13 2 15 8 

X 5 3 4 
1 10 7 6 
9 11 14 12 
13 2 15 8 

5 X 3 4 
1 10 7 6 
9 11 14 12 
13 2 15 8 

1 5 3 4 
9 10 7 6 
X 11 14 12 
13 2 15 8 

1 3 7 4 
10 5 X 6 
9 11 14 12 
13 2 15 8 

1 3 7 4 
10 5 6 X 
9 11 14 12 
13 2 15 8 

5 10 3 4 
1 X 7 6 
9 11 14 12 
13 2 15 8 

5 10 3 4 
1 14 11 6 
9 X 7 12 
13 2 15 8 

5 10 3 4 
1 14 11 6 
9 2 7 12 
13 X 15 8 

1 5 3 4 
10 11 6 12 
9 14 7 X 
13 2 15 8 

1 3 11 4 
10 5 X 6 
9 14 7 12 
13 2 15 8 

1 3 11 4 
10 5 6 X 
9 14 7 12 
13 2 15 8 

1 5 3 4 
10 14 11 6 
9 7 X 12 
13 2 15 8 

1 5 3 4 
10 14 X 6 
9 7 11 12 
13 2 15 8 

1 5 3 4 
10 14 6 X 
9 7 11 12 
13 2 15 8 

1 5 3 4 
10 X 14 6 
9 7 11 12 
13 2 15 8 

1 X 3 4 
10 5 14 6 
9 7 11 12 
13 2 15 8 

1 5 3 4 
X 10 14 6 
9 7 11 12 
13 2 15 8 

1 5 3 4 
10 14 6 12 
9 7 11 X 
13 2 15 8 

1 5 3 4 
10 14 6 12 
9 7 11 8 
13 2 15 X 

1 5 3 4 
10 11 6 12 
9 14 7 8 
13 2 15 X 

1 3 11 4 
10 5 7 6 
9 14 X 12 
13 2 15 8 

1 5 X 4 
10 14 3 6 
9 7 11 12 
13 2 15 8 

1 5 3 4 
10 7 14 6 
9 X 11 12 
13 2 15 8 

1 5 3 4 
10 7 14 6 
9 2 11 12 
13 X 15 8 

X 1 3 4 
10 5 14 6 
9 7 11 12 
13 2 15 8 

1 3 X 4 
10 5 14 6 
9 7 11 12 
13 2 15 8 

X 5 3 4 
1 10 14 6 
9 7 11 12 
13 2 15 8 

5 X 3 4 
1 10 14 6 
9 7 11 12 
13 2 15 8 

1 5 3 4 
9 10 14 6 
X 7 11 12 
13 2 15 8 

1 5 3 4 
10 14 11 6 
9 2 7 12 
X 13 15 8 

5 10 3 4 
1 X 14 6 
9 7 11 12 
13 2 15 8 

5 10 3 4 
1 14 X 6 
9 7 11 12 
13 2 15 8 

5 10 3 4 
1 14 6 X 
9 7 11 12 
13 2 15 8 

10 1 3 4 
5 14 11 6 
9 7 X 12 
13 2 15 8 

10 1 3 4 
5 14 X 6 
9 7 11 12 
13 2 15 8 

10 1 3 4 
5 14 6 X 
9 7 11 12 
13 2 15 8 

10 1 3 4 
5 X 14 6 
9 7 11 12 
13 2 15 8 

10 1 3 4 
5 14 6 12 
9 7 11 X 
13 2 15 8 

10 1 3 4 
5 14 6 12 
9 7 11 8 
13 2 15 X 

5 10 3 4 
1 14 6 12 
9 7 11 X 
13 2 15 8 

10 1 X 4 
5 14 3 6 
9 7 11 12 
13 2 15 8 

10 X 3 4 
5 1 14 6 
9 7 11 12 
13 2 15 8 

X 10 3 4 
5 1 14 6 
9 7 11 12 
13 2 15 8 

10 1 3 4 
5 7 14 6 
9 X 11 12 
13 2 15 8 

10 1 3 4 
5 7 14 6 
9 2 11 12 
13 X 15 8 

5 10 3 4 
1 14 6 12 
9 7 11 8 
13 2 15 X 

10 1 3 4 
5 14 11 6 
9 2 7 12 
X 13 15 8 

10 X 3 4 
5 1 7 6 
9 11 14 12 
13 2 15 8 

X 10 3 4 
5 1 7 6 
9 11 14 12 
13 2 15 8 

10 1 3 4 
5 14 11 6 
9 2 7 12 
13 15 X 8 

10 1 3 4 
5 14 11 6 
9 2 7 12 
13 15 8 X 

5 3 X 4 
1 10 14 6 
9 7 11 12 
13 2 15 8 

10 1 3 4 
5 14 6 12 
9 7 X 11 
13 2 15 8 

10 1 3 4 
5 14 6 12 
9 X 7 11 
13 2 15 8 

10 1 3 4 
5 X 6 12 
9 14 7 11 
13 2 15 8 

10 1 3 4 
5 6 X 12 
9 14 7 11 
13 2 15 8 

10 1 3 4 
5 6 7 12 
9 14 X 11 
13 2 15 8 

10 1 3 4 
5 6 7 12 
9 14 11 X 
13 2 15 8 

10 1 3 4 
5 6 7 X 
9 14 11 12 
13 2 15 8 

10 1 3 4 
5 6 7 12 
9 14 11 8 
13 2 15 X 

10 1 3 4 
5 6 X 7 
9 14 11 12 
13 2 15 8 

10 1 3 X 
5 6 7 4 
9 14 11 12 
13 2 15 8 

10 1 X 4 
5 6 3 7 
9 14 11 12 
13 2 15 8 

10 1 3 4 
5 6 11 7 
9 14 X 12 
13 2 15 8 

10 1 3 4 
5 X 6 7 
9 14 11 12 
13 2 15 8 

10 1 3 4 
5 6 7 12 
9 X 14 11 
13 2 15 8 

10 1 3 4 
5 6 7 12 
9 2 14 11 
13 X 15 8 

10 X 1 4 
5 6 3 7 
9 14 11 12 
13 2 15 8 

X 10 1 4 
5 6 3 7 
9 14 11 12 
13 2 15 8 

10 1 3 4 
5 6 11 7 
9 X 14 12 
13 2 15 8 

10 1 3 4 
5 6 11 7 
9 2 14 12 
13 X 15 8 

10 X 3 4 
5 1 6 7 
9 14 11 12 
13 2 15 8 

X 10 3 4 
5 1 6 7 
9 14 11 12 
13 2 15 8 

10 1 3 4 
5 14 6 7 
9 X 11 12 
13 2 15 8 

10 1 3 4 
5 14 6 7 
9 2 11 12 
13 X 15 8 

10 1 3 4 
5 6 7 12 
9 14 11 8 
13 2 X 15 

10 1 X 3 
5 6 7 4 
9 14 11 12 
13 2 15 8 

10 1 3 4 
5 6 7 12 
9 2 14 11 
X 13 15 8 

10 1 3 4 
5 6 7 12 
9 2 14 11 
13 15 X 8 

10 1 3 4 
5 14 6 7 
9 2 11 12 
X 13 15 8 

10 1 3 4 
5 14 6 7 
9 2 11 12 
13 15 X 8 

10 1 3 4 
5 6 7 12 
9 14 11 8 
13 X 2 15 

10 1 3 4 
5 6 7 12 
9 X 11 8 
13 14 2 15 

10 1 3 4 
5 6 11 7 
9 2 14 12 
X 13 15 8 

10 1 3 4 
5 6 7 12 
9 2 14 11 
13 15 8 X 

10 1 3 4 
5 6 11 7 
9 2 14 12 
13 15 X 8 

10 1 3 4 
5 14 6 7 
9 2 11 12 
13 15 8 X 

10 1 3 4 
5 X 7 12 
9 6 11 8 
13 14 2 15 

10 1 3 4 
5 6 7 12 
9 11 X 8 
13 14 2 15 

10 1 3 4 
5 6 7 12 
9 11 2 8 
13 14 X 15 

10 1 3 4 
5 6 7 12 
9 11 2 8 
13 14 15 X 

10 1 3 4 
5 6 7 12 
9 11 2 X 
13 14 15 8 

10 1 3 4 
5 6 7 X 
9 11 2 12 
13 14 15 8 

10 1 3 4 
5 6 X 7 
9 11 2 12 
13 14 15 8 

10 1 3 4 
5 6 2 7 
9 11 X 12 
13 14 15 8 

10 1 3 4 
5 6 2 7 
9 X 11 12 
13 14 15 8 

10 1 3 4 
5 X 2 7 
9 6 11 12 
13 14 15 8 

10 1 3 4 
5 2 X 7 
9 6 11 12 
13 14 15 8 

10 1 3 4 
5 2 7 X 
9 6 11 12 
13 14 15 8 

10 1 3 4 
5 2 7 12 
9 6 11 X 
13 14 15 8 

10 1 3 4 
5 2 7 12 
9 6 11 8 
13 14 15 X 

10 1 3 4 
5 6 2 7 
9 14 11 12 
13 X 15 8 

10 1 3 4 
5 6 2 7 
X 9 11 12 
13 14 15 8 

10 X 3 4 
5 1 2 7 
9 6 11 12 
13 14 15 8 

X 10 3 4 
5 1 2 7 
9 6 11 12 
13 14 15 8 

10 1 X 4 
5 2 3 7 
9 6 11 12 
13 14 15 8 

10 1 3 4 
5 2 11 7 
9 6 X 12 
13 14 15 8 

10 1 3 4 
5 2 7 12 
9 6 X 11 
13 14 15 8 

10 1 3 X 
5 2 7 4 
9 6 11 12 
13 14 15 8 

10 1 3 4 
5 2 7 12 
9 6 11 8 
13 14 X 15 

10 1 3 4 
5 6 2 7 
9 14 11 12 
X 13 15 8 

10 1 3 4 
5 2 11 7 
9 X 6 12 
13 14 15 8 

10 1 3 4 
5 2 7 12 
9 X 6 11 
13 14 15 8 

10 1 3 4 
5 6 2 7 
13 9 11 12 
X 14 15 8 

5 10 3 4 
X 1 2 7 
9 6 11 12 
13 14 15 8 

5 10 3 4 
1 X 2 7 
9 6 11 12 
13 14 15 8 

5 10 3 4 
1 6 2 7 
9 X 11 12 
13 14 15 8 

5 X 3 4 
1 10 2 7 
9 6 11 12 
13 14 15 8 

5 10 3 4 
1 2 X 7 
9 6 11 12 
13 14 15 8 

5 10 3 4 
1 2 7 X 
9 6 11 12 
13 14 15 8 

5 10 3 4 
1 2 7 12 
9 6 11 X 
13 14 15 8 

5 10 3 4 
1 2 7 12 
9 6 11 8 
13 14 15 X 

5 10 3 4 
1 6 2 7 
9 14 11 12 
13 X 15 8 

5 10 3 4 
1 6 2 7 
X 9 11 12 
13 14 15 8 

5 10 3 4 
1 6 2 7 
9 11 X 12 
13 14 15 8 

X 5 3 4 
1 10 2 7 
9 6 11 12 
13 14 15 8 

1 5 3 4 
X 10 2 7 
9 6 11 12 
13 14 15 8 

1 5 3 4 
10 X 2 7 
9 6 11 12 
13 14 15 8 

1 5 3 4 
10 6 2 7 
9 X 11 12 
13 14 15 8 

1 X 3 4 
10 5 2 7 
9 6 11 12 
13 14 15 8 

1 5 3 4 
10 2 X 7 
9 6 11 12 
13 14 15 8 

1 5 3 4 
10 2 7 X 
9 6 11 12 
13 14 15 8 

1 5 3 4 
10 2 7 12 
9 6 11 X 
13 14 15 8 

1 5 3 4 
10 2 7 12 
9 6 11 8 
13 14 15 X 

1 5 3 4 
10 6 2 7 
9 14 11 12 
13 X 15 8 

1 5 3 4 
10 6 2 7 
X 9 11 12 
13 14 15 8 

1 5 3 4 
10 6 2 7 
9 11 X 12 
13 14 15 8 

1 5 3 4 
9 10 2 7 
X 6 11 12 
13 14 15 8 

1 5 3 4 
10 2 7 12 
9 6 X 11 
13 14 15 8 

X 1 3 4 
10 5 2 7 
9 6 11 12 
13 14 15 8 

1 5 3 4 
X 6 2 7 
10 9 11 12 
13 14 15 8 

1 5 3 4 
10 6 X 7 
9 11 2 12 
13 14 15 8 

1 5 3 4 
10 6 7 X 
9 11 2 12 
13 14 15 8 

1 3 X 4 
10 5 2 7 
9 6 11 12 
13 14 15 8 

1 5 X 4 
10 2 3 7 
9 6 11 12 
13 14 15 8 

1 5 3 4 
10 2 11 7 
9 6 X 12 
13 14 15 8 

1 5 3 X 
10 2 7 4 
9 6 11 12 
13 14 15 8 

1 5 3 4 
10 6 7 12 
9 11 2 X 
13 14 15 8 

1 5 3 4 
10 6 7 12 
9 11 2 8 
13 14 15 X 

1 5 3 4 
10 2 7 12 
9 6 11 8 
13 14 X 15 

1 5 3 4 
10 2 7 12 
9 X 6 11 
13 14 15 8 

1 3 2 4 
10 5 X 7 
9 6 11 12 
13 14 15 8 

1 3 2 4 
10 5 7 X 
9 6 11 12 
13 14 15 8 

1 5 3 4 
10 2 11 7 
9 X 6 12 
13 14 15 8 

1 5 3 4 
10 6 2 7 
9 11 15 12 
13 14 X 8 

1 5 3 4 
10 6 2 7 
9 11 12 X 
13 14 15 8 

1 5 3 4 
9 10 2 7 
6 X 11 12 
13 14 15 8 

1 5 3 4 
9 X 2 7 
6 10 11 12 
13 14 15 8 

1 X 3 4 
9 5 2 7 
6 10 11 12 
13 14 15 8 

1 5 3 4 
9 2 X 7 
6 10 11 12 
13 14 15 8 

1 5 3 4 
9 2 7 X 
6 10 11 12 
13 14 15 8 

1 5 3 4 
9 2 7 12 
6 10 11 X 
13 14 15 8 

1 5 3 4 
9 2 7 12 
6 10 11 8 
13 14 15 X 

1 5 3 4 
X 9 2 7 
6 10 11 12 
13 14 15 8 

1 5 3 4 
6 9 2 7 
X 10 11 12 
13 14 15 8 

X 1 3 4 
9 5 2 7 
6 10 11 12 
13 14 15 8 

1 3 X 4 
9 5 2 7 
6 10 11 12 
13 14 15 8 

1 5 X 4 
9 2 3 7 
6 10 11 12 
13 14 15 8 

1 5 3 4 
9 2 11 7 
6 10 X 12 
13 14 15 8 

1 5 3 X 
9 2 7 4 
6 10 11 12 
13 14 15 8 

1 5 3 4 
9 2 7 12 
6 10 X 11 
13 14 15 8 

1 5 3 4 
10 6 2 7 
13 9 11 12 
X 14 15 8 

5 10 3 4 
1 2 11 7 
9 6 X 12 
13 14 15 8 

5 10 3 X 
1 2 7 4 
9 6 11 12 
13 14 15 8 

5 10 3 4 
1 2 7 12 
9 6 X 11 
13 14 15 8 

5 10 3 4 
X 6 2 7 
1 9 11 12 
13 14 15 8 

X 10 3 4 
5 6 2 7 
1 9 11 12 
13 14 15 8 

10 X 3 4 
5 6 2 7 
1 9 11 12 
13 14 15 8 

10 1 3 4 
5 6 2 7 
9 14 11 12 
13 15 X 8 

10 1 3 4 
X 6 2 7 
5 9 11 12 
13 14 15 8 

X 1 3 4 
10 6 2 7 
5 9 11 12 
13 14 15 8 

1 X 3 4 
10 6 2 7 
5 9 11 12 
13 14 15 8 

1 6 3 4 
10 X 2 7 
5 9 11 12 
13 14 15 8 

1 6 3 4 
X 10 2 7 
5 9 11 12 
13 14 15 8 

1 6 3 4 
5 10 2 7 
X 9 11 12 
13 14 15 8 

1 6 3 4 
5 10 2 7 
9 X 11 12 
13 14 15 8 

1 6 3 4 
5 X 2 7 
9 10 11 12 
13 14 15 8 

1 X 3 4 
5 6 2 7 
9 10 11 12 
13 14 15 8 

1 6 3 4 
5 2 X 7 
9 10 11 12 
13 14 15 8 

1 6 3 4 
5 2 7 X 
9 10 11 12 
13 14 15 8 

1 6 3 4 
5 2 7 12 
9 10 11 X 
13 14 15 8 

1 6 3 4 
5 2 7 12 
9 10 11 8 
13 14 15 X 

X 1 3 4 
5 6 2 7 
9 10 11 12 
13 14 15 8 

1 3 X 4 
5 6 2 7 
9 10 11 12 
13 14 15 8 

1 6 X 4 
5 2 3 7 
9 10 11 12 
13 14 15 8 

1 6 3 4 
5 2 11 7 
9 10 X 12 
13 14 15 8 

1 6 3 X 
5 2 7 4 
9 10 11 12 
13 14 15 8 

1 6 3 4 
5 2 7 12 
9 10 X 11 
13 14 15 8 

1 3 2 4 
5 6 X 7 
9 10 11 12 
13 14 15 8 

1 3 2 4 
5 6 7 X 
9 10 11 12 
13 14 15 8 

1 3 2 4 
5 6 7 12 
9 10 11 X 
13 14 15 8 

1 3 2 4 
5 6 7 12 
9 10 11 8 
13 14 15 X 

1 6 3 4 
5 2 7 12 
9 10 11 8 
13 14 X 15 

5 1 3 4 
X 6 2 7 
9 10 11 12 
13 14 15 8 

1 3 4 X 
5 6 2 7 
9 10 11 12 
13 14 15 8 

1 X 6 4 
5 2 3 7 
9 10 11 12 
13 14 15 8 

1 2 6 4 
5 X 3 7 
9 10 11 12 
13 14 15 8 

1 2 6 4 
5 3 X 7 
9 10 11 12 
13 14 15 8 

1 2 6 4 
5 3 7 X 
9 10 11 12 
13 14 15 8 

1 2 X 4 
5 3 6 7 
9 10 11 12 
13 14 15 8 

1 2 6 4 
5 3 7 12 
9 10 11 X 
13 14 15 8 

1 2 6 4 
5 3 7 12 
9 10 11 8 
13 14 15 X 

1 6 3 4 
X 5 2 7 
9 10 11 12 
13 14 15 8 

1 2 6 4 
5 10 3 7 
9 X 11 12 
13 14 15 8 

1 2 6 4 
X 5 3 7 
9 10 11 12 
13 14 15 8 

1 X 2 4 
5 3 6 7 
9 10 11 12 
13 14 15 8 

1 2 4 X 
5 3 6 7 
9 10 11 12 
13 14 15 8 

1 2 6 4 
5 3 11 7 
9 10 X 12 
13 14 15 8 

1 2 6 X 
5 3 7 4 
9 10 11 12 
13 14 15 8 

1 2 6 4 
5 3 7 12 
9 10 X 11 
13 14 15 8 

1 2 4 7 
5 3 6 X 
9 10 11 12 
13 14 15 8 

1 6 3 4 
5 2 11 7 
9 X 10 12 
13 14 15 8 

1 3 2 4 
5 X 6 7 
9 10 11 12 
13 14 15 8 

1 3 2 X 
5 6 7 4 
9 10 11 12 
13 14 15 8 

1 3 2 4 
5 6 7 12 
9 10 X 11 
13 14 15 8 

1 3 4 7 
5 6 2 X 
9 10 11 12 
13 14 15 8 

1 6 3 4 
5 2 11 7 
9 10 12 X 
13 14 15 8 

1 6 X 3 
5 2 7 4 
9 10 11 12 
13 14 15 8 

1 6 3 4 
5 2 7 12 
9 10 15 11 
13 14 X 8 

1 3 2 4 
5 6 11 7 
9 10 X 12 
13 14 15 8 

1 6 3 4 
5 2 11 7 
9 10 12 8 
13 14 15 X 

1 6 3 4 
5 2 X 12 
9 10 7 11 
13 14 15 8 

1 6 3 4 
5 2 7 12 
9 10 15 11 
13 14 8 X 

1 6 4 X 
5 2 3 7 
9 10 11 12 
13 14 15 8 

1 6 3 4 
5 2 11 7 
9 10 15 12 
13 14 X 8 

1 6 3 4 
5 2 7 12 
9 X 10 11 
13 14 15 8 

1 6 3 4 
5 2 11 7 
9 10 15 12 
13 14 8 X 

1 2 6 4 
5 10 3 7 
9 11 X 12 
13 14 15 8 

X 2 6 4 
1 5 3 7 
9 10 11 12 
13 14 15 8 

1 3 X 2 
5 6 7 4 
9 10 11 12 
13 14 15 8 

1 X 3 2 
5 6 7 4 
9 10 11 12 
13 14 15 8 

1 6 3 4 
5 X 2 12 
9 10 7 11 
13 14 15 8 

1 X 3 4 
5 6 2 12 
9 10 7 11 
13 14 15 8 

1 6 3 4 
5 2 12 X 
9 10 7 11 
13 14 15 8 

1 6 4 7 
5 2 3 X 
9 10 11 12 
13 14 15 8 

1 6 3 4 
5 X 7 12 
9 2 10 11 
13 14 15 8 

1 X 3 4 
5 6 7 12 
9 2 10 11 
13 14 15 8 

1 6 3 2 
5 X 7 4 
9 10 11 12 
13 14 15 8 

X 1 3 2 
5 6 7 4 
9 10 11 12 
13 14 15 8 

X 1 3 4 
5 6 2 12 
9 10 7 11 
13 14 15 8 

1 3 X 4 
5 6 2 12 
9 10 7 11 
13 14 15 8 

X 1 3 4 
5 6 7 12 
9 2 10 11 
13 14 15 8 

1 3 X 4 
5 6 7 12 
9 2 10 11 
13 14 15 8 

1 3 4 7 
5 6 X 2 
9 10 11 12 
13 14 15 8 

1 6 3 4 
5 2 11 X 
9 10 12 7 
13 14 15 8 

1 X 6 3 
5 2 7 4 
9 10 11 12 
13 14 15 8 

1 2 6 3 
5 X 7 4 
9 10 11 12 
13 14 15 8 

1 2 6 4 
9 5 3 7 
X 10 11 12 
13 14 15 8 

X 1 2 4 
5 3 6 7 
9 10 11 12 
13 14 15 8 

1 2 4 7 
5 3 X 6 
9 10 11 12 
13 14 15 8 

1 2 4 7 
5 X 3 6 
9 10 11 12 
13 14 15 8 

1 6 3 4 
5 X 11 7 
9 2 10 12 
13 14 15 8 

1 X 3 4 
5 6 11 7 
9 2 10 12 
13 14 15 8 

1 2 6 3 
5 10 7 4 
9 X 11 12 
13 14 15 8 

1 2 6 3 
X 5 7 4 
9 10 11 12 
13 14 15 8 

1 2 6 3 
5 7 X 4 
9 10 11 12 
13 14 15 8 

1 2 X 6 
5 3 7 4 
9 10 11 12 
13 14 15 8 

X 1 3 4 
5 6 11 7 
9 2 10 12 
13 14 15 8 

1 3 X 4 
5 6 11 7 
9 2 10 12 
13 14 15 8 

1 2 6 4 
5 3 7 12 
9 10 11 8 
13 14 X 15 

1 6 3 4 
9 5 2 7 
X 10 11 12 
13 14 15 8 

1 2 6 4 
5 10 3 7 
9 14 11 12 
13 X 15 8 

1 2 6 4 
5 10 3 7 
X 9 11 12 
13 14 15 8 

X 6 3 4 
1 5 2 7 
9 10 11 12 
13 14 15 8 

1 6 3 4 
5 2 7 12 
9 10 11 8 
13 X 14 15 

X 1 6 4 
5 2 3 7 
9 10 11 12 
13 14 15 8 

5 1 3 4 
9 6 2 7 
X 10 11 12 
13 14 15 8 

5 1 3 4 
6 X 2 7 
9 10 11 12 
13 14 15 8 

5 1 3 4 
6 2 X 7 
9 10 11 12 
13 14 15 8 

5 1 3 4 
6 2 7 X 
9 10 11 12 
13 14 15 8 

5 1 3 4 
6 2 7 12 
9 10 11 X 
13 14 15 8 

5 1 3 4 
6 2 7 12 
9 10 11 8 
13 14 15 X 

1 3 2 4 
5 6 7 12 
9 10 11 8 
13 14 X 15 

1 6 3 4 
5 2 7 12 
9 10 X 8 
13 14 11 15 

1 6 3 4 
5 10 2 7 
9 14 11 12 
13 X 15 8 

1 6 3 4 
5 10 2 7 
9 11 X 12 
13 14 15 8 

1 2 6 3 
5 7 4 X 
9 10 11 12 
13 14 15 8 

1 3 11 4 
5 6 X 7 
9 2 10 12 
13 14 15 8 

1 3 11 4 
5 6 7 X 
9 2 10 12 
13 14 15 8 

6 X 3 4 
1 5 2 7 
9 10 11 12 
13 14 15 8 

1 6 3 4 
5 2 7 12 
9 10 8 X 
13 14 11 15 

1 6 3 4 
5 2 7 X 
9 10 8 12 
13 14 11 15 

5 X 3 4 
6 1 2 7 
9 10 11 12 
13 14 15 8 

1 6 3 4 
5 10 X 7 
9 11 2 12 
13 14 15 8 

1 6 3 4 
5 10 7 X 
9 11 2 12 
13 14 15 8 

5 1 X 4 
6 2 3 7 
9 10 11 12 
13 14 15 8 

1 3 11 4 
5 6 7 12 
9 2 10 X 
13 14 15 8 

5 1 3 4 
6 2 7 12 
9 10 X 11 
13 14 15 8 

1 6 3 4 
5 2 7 12 
9 10 8 15 
13 14 11 X 

1 6 3 4 
5 2 X 7 
9 10 8 12 
13 14 11 15 

1 6 3 4 
5 2 8 7 
9 10 X 12 
13 14 11 15 

1 6 3 4 
5 2 8 7 
9 10 11 12 
13 14 X 15 

1 6 3 4 
5 2 8 7 
9 10 11 12 
13 14 15 X 

1 6 3 4 
5 2 8 7 
9 10 11 12 
13 X 14 15 

1 6 3 4 
5 2 8 7 
9 10 11 X 
13 14 15 12 

1 6 3 4 
5 2 8 X 
9 10 11 7 
13 14 15 12 

1 6 3 4 
5 2 X 8 
9 10 11 7 
13 14 15 12 

1 6 3 4 
5 X 2 8 
9 10 11 7 
13 14 15 12 

1 X 3 4 
5 6 2 8 
9 10 11 7 
13 14 15 12 

X 1 3 4 
5 6 2 8 
9 10 11 7 
13 14 15 12 

1 3 X 4 
5 6 2 8 
9 10 11 7 
13 14 15 12 

1 6 X 4 
5 2 3 8 
9 10 11 7 
13 14 15 12 

1 6 3 4 
5 2 11 8 
9 10 X 7 
13 14 15 12 

1 6 3 4 
5 2 11 8 
9 10 7 X 
13 14 15 12 

1 6 3 4 
5 2 11 8 
9 10 7 12 
13 14 15 X 

1 6 3 4 
5 2 11 8 
9 10 7 12 
13 14 X 15 

1 6 3 4 
5 2 11 8 
9 10 X 12 
13 14 7 15 

1 6 3 4 
5 2 X 8 
9 10 11 12 
13 14 7 15 

1 6 3 4 
5 X 2 8 
9 10 11 12 
13 14 7 15 

1 X 3 4 
5 6 2 8 
9 10 11 12 
13 14 7 15 

X 1 3 4 
5 6 2 8 
9 10 11 12 
13 14 7 15 

1 3 X 4 
5 6 2 8 
9 10 11 12 
13 14 7 15 

1 6 X 4 
5 2 3 8 
9 10 11 12 
13 14 7 15 

1 6 3 4 
5 2 8 X 
9 10 11 12 
13 14 7 15 

1 3 2 4 
5 6 X 8 
9 10 11 12 
13 14 7 15 

1 6 3 4 
5 2 11 8 
9 10 7 12 
13 X 14 15 

1 6 3 4 
5 10 2 8 
9 X 11 12 
13 14 7 15 

1 6 3 4 
X 5 2 8 
9 10 11 12 
13 14 7 15 

5 1 3 4 
X 6 2 8 
9 10 11 12 
13 14 7 15 

1 3 4 X 
5 6 2 8 
9 10 11 12 
13 14 7 15 

1 X 6 4 
5 2 3 8 
9 10 11 12 
13 14 7 15 

1 2 6 4 
5 X 3 8 
9 10 11 12 
13 14 7 15 

1 2 6 4 
5 3 X 8 
9 10 11 12 
13 14 7 15 

1 2 X 4 
5 3 6 8 
9 10 11 12 
13 14 7 15 

1 2 6 4 
5 10 3 8 
9 X 11 12 
13 14 7 15 

1 2 6 4 
X 5 3 8 
9 10 11 12 
13 14 7 15 

1 X 2 4 
5 3 6 8 
9 10 11 12 
13 14 7 15 

1 2 4 X 
5 3 6 8 
9 10 11 12 
13 14 7 15 

1 6 3 4 
5 2 8 12 
9 10 11 X 
13 14 7 15 

1 3 2 4 
5 6 11 8 
9 10 X 12 
13 14 7 15 

1 3 2 4 
5 6 11 8 
9 10 7 12 
13 14 X 15 

1 3 2 4 
5 6 11 8 
9 10 7 12 
13 14 15 X 

1 3 2 4 
5 X 6 8 
9 10 11 12 
13 14 7 15 

1 3 2 4 
5 6 8 X 
9 10 11 12 
13 14 7 15 

1 2 6 4 
5 3 8 X 
9 10 11 12 
13 14 7 15 

1 2 6 4 
5 3 11 8 
9 10 X 12 
13 14 7 15 

1 2 6 4 
5 3 11 8 
9 10 7 12 
13 14 X 15 

1 2 6 4 
5 3 11 8 
9 10 7 12 
13 14 15 X 

1 6 3 4 
5 2 8 12 
9 10 11 15 
13 14 7 X 

1 3 2 4 
5 6 X 8 
9 10 11 7 
13 14 15 12 

1 6 4 X 
5 2 3 8 
9 10 11 12 
13 14 7 15 

1 6 3 4 
5 2 11 8 
9 X 10 12 
13 14 7 15 

1 6 3 4 
5 2 11 8 
9 10 12 X 
13 14 7 15 

1 6 3 4 
5 2 11 8 
9 10 12 15 
13 14 7 X 

1 2 6 4 
9 5 3 8 
X 10 11 12 
13 14 7 15 

X 1 2 4 
5 3 6 8 
9 10 11 12 
13 14 7 15 

1 3 2 4 
5 6 11 8 
9 10 7 X 
13 14 15 12 

1 2 6 4 
5 3 11 8 
9 10 7 12 
13 X 14 15 

1 2 6 4 
5 3 11 8 
9 10 7 X 
13 14 15 12 

1 6 3 4 
5 X 11 8 
9 2 10 12 
13 14 7 15 

1 X 3 4 
5 6 11 8 
9 2 10 12 
13 14 7 15 

1 2 4 8 
5 3 6 X 
9 10 11 12 
13 14 7 15 

1 3 2 4 
5 6 11 8 
9 10 7 12 
13 X 14 15 

1 2 6 4 
5 10 3 8 
X 9 11 12 
13 14 7 15 

1 2 6 4 
5 10 3 8 
9 11 X 12 
13 14 7 15 

1 2 6 4 
5 10 3 8 
9 11 7 12 
13 14 X 15 

1 2 6 4 
5 10 3 8 
9 11 7 12 
13 14 15 X 

X 1 3 4 
5 6 11 8 
9 2 10 12 
13 14 7 15 

1 3 X 4 
5 6 11 8 
9 2 10 12 
13 14 7 15 

X 2 6 4 
1 5 3 8 
9 10 11 12 
13 14 7 15 

1 2 6 4 
5 10 3 8 
9 14 11 12 
13 X 7 15 

1 6 3 4 
5 10 2 8 
X 9 11 12 
13 14 7 15 

X 1 6 4 
5 2 3 8 
9 10 11 12 
13 14 7 15 

1 6 3 4 
9 5 2 8 
X 10 11 12 
13 14 7 15 

5 1 3 4 
9 6 2 8 
X 10 11 12 
13 14 7 15 

5 1 3 4 
6 X 2 8 
9 10 11 12 
13 14 7 15 

5 1 3 4 
6 2 X 8 
9 10 11 12 
13 14 7 15 

1 3 4 8 
5 6 2 X 
9 10 11 12 
13 14 7 15 

1 6 3 4 
5 10 2 8 
9 11 X 12 
13 14 7 15 

1 6 3 4 
5 10 2 8 
9 11 7 12 
13 14 X 15 

1 6 3 4 
5 10 2 8 
9 11 7 12 
13 14 15 X 

X 6 3 4 
1 5 2 8 
9 10 11 12 
13 14 7 15 

1 6 3 4 
5 2 11 8 
9 X 7 12 
13 10 14 15 

1 6 3 4 
5 2 11 8 
9 10 7 12 
X 13 14 15 

1 6 3 4 
5 10 2 8 
9 14 11 12 
13 X 7 15 

1 6 3 4 
5 2 8 7 
9 X 10 12 
13 14 11 15 

1 6 3 4 
5 2 8 7 
9 10 12 X 
13 14 11 15 

5 1 3 4 
X 6 2 8 
9 10 11 7 
13 14 15 12 

1 3 4 X 
5 6 2 8 
9 10 11 7 
13 14 15 12 

1 X 6 4 
5 2 3 8 
9 10 11 7 
13 14 15 12 

1 2 6 4 
5 X 3 8 
9 10 11 7 
13 14 15 12 

1 2 6 4 
5 3 X 8 
9 10 11 7 
13 14 15 12 

1 2 X 4 
5 3 6 8 
9 10 11 7 
13 14 15 12 

1 6 3 4 
5 2 8 7 
9 10 12 15 
13 14 11 X 

1 2 6 4 
5 10 3 8 
9 X 11 7 
13 14 15 12 

1 2 6 4 
X 5 3 8 
9 10 11 7 
13 14 15 12 

1 X 2 4 
5 3 6 8 
9 10 11 7 
13 14 15 12 

1 2 4 X 
5 3 6 8 
9 10 11 7 
13 14 15 12 

1 6 3 4 
5 2 8 7 
9 X 11 12 
13 10 14 15 

1 6 3 4 
5 2 8 7 
9 10 11 12 
X 13 14 15 

1 6 3 4 
5 2 8 7 
9 10 X 11 
13 14 15 12 

1 6 3 4 
5 10 2 8 
9 X 11 7 
13 14 15 12 

1 6 3 4 
X 5 2 8 
9 10 11 7 
13 14 15 12 

1 2 6 4 
5 3 8 X 
9 10 11 7 
13 14 15 12 

1 2 6 4 
5 3 8 7 
9 10 11 X 
13 14 15 12 

1 2 6 4 
5 3 8 7 
9 10 11 12 
13 14 15 X 

1 2 6 4 
5 3 8 7 
9 10 11 12 
13 14 X 15 

1 2 6 4 
5 3 8 7 
9 10 X 12 
13 14 11 15 

1 2 6 4 
5 3 8 7 
9 10 11 12 
13 X 14 15 

1 6 3 4 
5 X 8 7 
9 2 11 12 
13 10 14 15 

1 X 3 4 
5 6 8 7 
9 2 11 12 
13 10 14 15 

1 2 6 4 
5 3 11 8 
9 10 X 7 
13 14 15 12 

X 1 3 4 
5 6 8 7 
9 2 11 12 
13 10 14 15 

1 3 X 4 
5 6 8 7 
9 2 11 12 
13 10 14 15 

5 X 3 4 
6 1 2 8 
9 10 11 12 
13 14 7 15 

1 6 3 4 
5 10 2 8 
9 11 7 X 
13 14 15 12 

6 X 3 4 
1 5 2 8 
9 10 11 12 
13 14 7 15 

1 6 3 4 
5 2 8 X 
9 10 12 7 
13 14 11 15 

1 6 3 4 
5 2 X 8 
9 10 12 7 
13 14 11 15 

1 6 3 4 
5 2 12 8 
9 10 X 7 
13 14 11 15 

1 6 3 4 
5 2 12 8 
9 10 11 7 
13 14 X 15 

1 6 3 4 
5 2 12 8 
9 10 11 7 
13 14 15 X 

1 6 3 4 
5 2 12 8 
9 10 11 X 
13 14 15 7 

1 6 3 4 
5 2 12 8 
9 10 7 X 
13 14 11 15 

1 6 3 4 
5 2 12 8 
9 10 7 15 
13 14 11 X 

1 6 3 4 
5 X 2 8 
9 10 12 7 
13 14 11 15 

1 X 3 4 
5 6 2 8 
9 10 12 7 
13 14 11 15 

1 6 3 4 
5 2 12 8 
9 10 11 7 
13 X 14 15 

X 1 3 4 
5 6 2 8 
9 10 12 7 
13 14 11 15 

1 3 X 4 
5 6 2 8 
9 10 12 7 
13 14 11 15 

1 6 3 4 
5 X 11 8 
9 2 7 12 
13 10 14 15 

1 X 3 4 
5 6 11 8 
9 2 7 12 
13 10 14 15 

1 6 X 4 
5 2 3 8 
9 10 12 7 
13 14 11 15 

1 6 3 4 
5 2 12 X 
9 10 11 8 
13 14 15 7 

1 6 3 4 
5 2 X 12 
9 10 11 8 
13 14 15 7 

1 6 3 4 
5 2 12 8 
9 10 X 11 
13 14 15 7 

1 6 3 4 
5 2 X 8 
9 10 12 11 
13 14 15 7 

1 3 2 4 
5 6 X 8 
9 10 12 7 
13 14 11 15 

X 1 3 4 
5 6 11 8 
9 2 7 12 
13 10 14 15 

1 3 X 4 
5 6 11 8 
9 2 7 12 
13 10 14 15 

1 6 3 4 
5 X 2 12 
9 10 11 8 
13 14 15 7 

1 X 3 4 
5 6 2 12 
9 10 11 8 
13 14 15 7 

1 6 3 4 
5 X 2 8 
9 10 12 11 
13 14 15 7 

1 X 3 4 
5 6 2 8 
9 10 12 11 
13 14 15 7 

X 1 3 4 
5 6 2 12 
9 10 11 8 
13 14 15 7 

1 3 X 4 
5 6 2 12 
9 10 11 8 
13 14 15 7 

X 1 3 4 
5 6 2 8 
9 10 12 11 
13 14 15 7 

1 3 X 4 
5 6 2 8 
9 10 12 11 
13 14 15 7 

1 6 3 4 
5 2 11 8 
9 7 X 12 
13 10 14 15 

1 6 3 4 
5 2 X 8 
9 7 11 12 
13 10 14 15 

1 6 3 4 
5 X 2 8 
9 7 11 12 
13 10 14 15 

1 X 3 4 
5 6 2 8 
9 7 11 12 
13 10 14 15 

1 6 3 4 
5 7 2 8 
9 X 11 12 
13 10 14 15 

1 6 3 4 
5 7 2 8 
9 10 11 12 
13 X 14 15 

1 6 3 4 
5 7 2 8 
9 10 11 12 
13 14 X 15 

1 6 3 4 
5 7 2 8 
9 10 11 12 
13 14 15 X 

1 6 3 4 
5 7 2 8 
9 10 X 12 
13 14 11 15 

1 6 3 4 
5 7 2 8 
9 10 11 X 
13 14 15 12 

1 6 3 4 
5 7 X 8 
9 10 2 12 
13 14 11 15 

1 6 3 4 
5 X 7 8 
9 10 2 12 
13 14 11 15 

1 X 3 4 
5 6 7 8 
9 10 2 12 
13 14 11 15 

X 1 3 4 
5 6 7 8 
9 10 2 12 
13 14 11 15 

1 3 X 4 
5 6 7 8 
9 10 2 12 
13 14 11 15 

1 6 3 4 
5 10 7 8 
9 X 2 12 
13 14 11 15 

1 6 3 4 
5 10 7 8 
9 2 X 12 
13 14 11 15 

1 6 3 4 
5 10 7 8 
9 2 11 12 
13 14 X 15 

1 6 3 4 
5 10 7 8 
9 2 11 12 
13 14 15 X 

1 6 3 4 
5 10 7 8 
9 2 11 12 
13 X 14 15 

1 6 3 4 
5 10 7 8 
9 2 11 X 
13 14 15 12 

1 6 3 4 
X 5 7 8 
9 10 2 12 
13 14 11 15 

5 1 3 4 
X 6 7 8 
9 10 2 12 
13 14 11 15 

1 3 7 4 
5 6 X 8 
9 10 2 12 
13 14 11 15 

1 3 7 4 
5 6 2 8 
9 10 X 12 
13 14 11 15 

1 3 7 4 
5 6 2 8 
9 10 11 12 
13 14 X 15 

1 3 7 4 
5 6 2 8 
9 10 11 12 
13 14 15 X 

1 3 7 4 
5 6 2 8 
9 10 11 12 
13 X 14 15 

1 3 7 4 
5 6 2 8 
9 10 11 X 
13 14 15 12 

1 3 4 X 
5 6 7 8 
9 10 2 12 
13 14 11 15 

1 6 3 4 
5 10 7 8 
9 X 11 12 
13 2 14 15 

1 6 3 4 
5 X 7 8 
9 10 11 12 
13 2 14 15 

1 X 3 4 
5 6 7 8 
9 10 11 12 
13 2 14 15 

X 1 3 4 
5 6 7 8 
9 10 11 12 
13 2 14 15 

1 3 X 4 
5 6 7 8 
9 10 11 12 
13 2 14 15 

1 6 3 4 
X 5 7 8 
9 10 11 12 
13 2 14 15 

1 6 3 4 
5 7 X 8 
9 10 11 12 
13 2 14 15 

5 1 3 4 
X 6 7 8 
9 10 11 12 
13 2 14 15 

1 3 7 4 
5 6 X 8 
9 10 11 12 
13 2 14 15 

1 3 4 X 
5 6 7 8 
9 10 11 12 
13 2 14 15 

1 6 3 4 
5 10 7 8 
9 2 11 12 
X 13 14 15 

1 3 7 4 
5 6 2 8 
9 X 11 12 
13 10 14 15 

1 3 7 4 
5 6 2 8 
9 10 11 12 
X 13 14 15 

1 3 7 4 
5 6 2 8 
9 10 X 11 
13 14 15 12 

1 6 3 4 
5 10 7 8 
9 2 X 11 
13 14 15 12 

1 6 3 4 
5 7 2 8 
9 10 11 12 
X 13 14 15 

1 6 3 4 
5 7 2 8 
9 X 10 12 
13 14 11 15 

1 3 7 4 
5 6 2 8 
9 X 10 12 
13 14 11 15 

1 3 7 4 
5 6 2 8 
9 10 12 X 
13 14 11 15 

1 6 3 4 
5 7 2 8 
9 10 12 X 
13 14 11 15 

1 6 3 4 
5 10 7 8 
9 2 12 X 
13 14 11 15 

1 6 3 4 
5 10 X 8 
9 2 7 12 
13 14 11 15 

1 6 3 4 
5 7 2 8 
9 10 X 11 
13 14 15 12 

1 3 7 4 
5 6 2 8 
9 10 12 15 
13 14 11 X 

1 6 3 4 
5 7 2 8 
9 10 12 15 
13 14 11 X 

1 6 3 4 
5 10 7 8 
9 2 12 15 
13 14 11 X 

X 6 3 4 
1 5 7 8 
9 10 11 12 
13 2 14 15 

1 3 7 4 
5 6 X 8 
9 10 2 11 
13 14 15 12 

1 3 X 4 
5 6 7 8 
9 10 2 11 
13 14 15 12 

1 X 3 4 
5 6 7 8 
9 10 2 11 
13 14 15 12 

1 6 3 4 
5 X 7 8 
9 10 2 11 
13 14 15 12 

X 1 3 4 
5 6 7 8 
9 10 2 11 
13 14 15 12 

1 6 3 4 
5 X 10 8 
9 2 7 12 
13 14 11 15 

1 X 3 4 
5 6 10 8 
9 2 7 12 
13 14 11 15 

1 6 3 4 
5 2 10 8 
9 X 7 12 
13 14 11 15 

1 6 3 4 
5 7 X 8 
9 10 2 11 
13 14 15 12 

1 3 4 X 
5 6 7 8 
9 10 2 11 
13 14 15 12 

1 6 3 4 
X 5 7 8 
9 10 2 11 
13 14 15 12 

5 1 3 4 
X 6 7 8 
9 10 2 11 
13 14 15 12 

X 1 3 4 
5 6 10 8 
9 2 7 12 
13 14 11 15 

1 3 X 4 
5 6 10 8 
9 2 7 12 
13 14 11 15 

1 6 3 4 
5 2 10 8 
9 7 X 12 
13 14 11 15 

1 6 3 4 
5 2 10 8 
9 7 11 12 
13 14 X 15 

1 6 3 4 
5 2 10 8 
9 7 11 12 
13 14 15 X 

1 6 3 4 
5 2 X 8 
9 7 10 12 
13 14 11 15 

1 6 3 4 
5 10 7 8 
9 X 2 11 
13 14 15 12 

1 6 3 4 
5 X 2 8 
9 7 10 12 
13 14 11 15 

1 X 3 4 
5 6 2 8 
9 7 10 12 
13 14 11 15 

1 6 3 4 
5 2 10 8 
9 7 11 12 
13 X 14 15 

1 6 3 4 
5 2 10 8 
9 7 11 X 
13 14 15 12 

X 1 3 4 
5 6 2 8 
9 7 10 12 
13 14 11 15 

1 3 X 4 
5 6 2 8 
9 7 10 12 
13 14 11 15 

5 1 3 4 
6 X 7 8 
9 10 11 12 
13 2 14 15 

1 3 7 4 
5 6 11 8 
9 10 X 12 
13 2 14 15 

1 3 7 4 
5 6 8 X 
9 10 11 12 
13 2 14 15 

1 3 4 8 
5 6 7 X 
9 10 11 12 
13 2 14 15 

1 3 7 4 
5 X 6 8 
9 10 11 12 
13 2 14 15 

1 6 3 4 
9 5 7 8 
X 10 11 12 
13 2 14 15 

1 6 3 4 
5 7 11 8 
9 10 X 12 
13 2 14 15 

5 1 3 4 
9 6 7 8 
X 10 11 12 
13 2 14 15 

1 6 X 4 
5 7 3 8 
9 10 11 12 
13 2 14 15 

1 3 4 8 
5 6 7 X 
9 10 2 12 
13 14 11 15 

1 6 3 4 
5 10 7 8 
X 9 11 12 
13 2 14 15 

1 6 3 4 
5 7 8 X 
9 10 11 12 
13 2 14 15 

1 6 3 4 
5 10 7 8 
9 11 X 12 
13 2 14 15 

1 3 7 4 
5 6 8 X 
9 10 2 12 
13 14 11 15 

X 6 3 4 
1 5 7 8 
9 10 2 12 
13 14 11 15 

1 6 3 4 
9 5 7 8 
X 10 2 12 
13 14 11 15 

5 1 3 4 
9 6 7 8 
X 10 2 12 
13 14 11 15 

5 1 3 4 
6 X 7 8 
9 10 2 12 
13 14 11 15 

1 6 3 4 
5 10 7 8 
9 14 2 12 
13 X 11 15 

1 6 3 4 
5 10 7 8 
X 9 2 12 
13 14 11 15 

X 1 3 4 
5 6 2 8 
9 7 11 12 
13 10 14 15 

1 3 X 4 
5 6 2 8 
9 7 11 12 
13 10 14 15 

1 6 X 4 
5 7 3 8 
9 10 2 12 
13 14 11 15 

1 6 3 4 
5 7 8 X 
9 10 2 12 
13 14 11 15 

1 6 3 4 
5 2 10 8 
9 14 7 12 
13 X 11 15 

1 6 3 4 
5 2 8 X 
9 7 10 12 
13 14 11 15 

1 X 6 4 
5 7 3 8 
9 10 11 12 
13 2 14 15 

1 6 3 4 
5 10 7 8 
9 11 14 12 
13 2 X 15 

1 6 3 4 
5 10 7 8 
9 11 14 12 
13 2 15 X 

6 X 3 4 
1 5 7 8 
9 10 2 12 
13 14 11 15 

1 6 3 4 
5 10 7 8 
9 14 2 12 
13 11 X 15 

1 6 3 4 
5 10 7 8 
9 14 2 12 
13 11 15 X 

1 3 2 4 
5 6 X 8 
9 7 11 12 
13 10 14 15 

5 X 3 4 
6 1 7 8 
9 10 2 12 
13 14 11 15 

1 6 3 4 
5 2 10 8 
X 9 7 12 
13 14 11 15 

1 6 3 4 
5 2 10 8 
9 X 11 12 
13 7 14 15 

1 3 7 4 
5 6 11 8 
9 10 14 12 
13 2 X 15 

1 3 7 4 
5 6 11 8 
9 10 14 12 
13 2 15 X 

1 X 7 4 
5 3 6 8 
9 10 11 12 
13 2 14 15 

1 6 3 4 
5 7 11 8 
9 10 14 12 
13 2 X 15 

1 6 3 4 
5 7 11 8 
9 10 14 12 
13 2 15 X 

1 3 2 4 
5 6 X 8 
9 7 10 12 
13 14 11 15 

5 X 3 4 
6 1 7 8 
9 10 11 12 
13 2 14 15 

1 3 10 4 
5 6 X 8 
9 2 7 12 
13 14 11 15 

1 3 10 4 
5 6 7 8 
9 2 X 12 
13 14 11 15 

1 3 10 4 
5 6 7 8 
9 2 11 12 
13 14 X 15 

1 3 10 4 
5 6 7 8 
9 2 11 12 
13 14 15 X 

1 3 10 4 
5 6 7 8 
9 2 11 12 
13 X 14 15 

1 3 10 4 
5 6 7 8 
9 2 11 X 
13 14 15 12 

1 3 10 4 
5 6 7 8 
9 X 11 12 
13 2 14 15 

1 6 X 4 
5 2 3 8 
9 7 10 12 
13 14 11 15 

1 3 7 4 
5 6 2 8 
X 9 10 12 
13 14 11 15 

1 3 10 4 
5 6 7 8 
9 2 12 X 
13 14 11 15 

1 3 10 4 
5 6 7 8 
9 2 11 12 
X 13 14 15 

1 3 10 4 
5 6 7 8 
9 2 X 11 
13 14 15 12 

1 3 10 4 
5 6 7 8 
9 2 12 15 
13 14 11 X 

1 6 3 4 
5 7 2 8 
9 10 15 11 
13 14 X 12 

1 6 3 4 
5 7 2 8 
9 X 10 11 
13 14 15 12 

6 X 3 4 
1 5 7 8 
9 10 11 12 
13 2 14 15 

1 6 3 4 
5 7 2 8 
9 10 15 11 
13 14 12 X 

1 6 3 4 
5 10 8 X 
9 2 7 12 
13 14 11 15 

1 6 X 4 
5 10 3 8 
9 2 7 12 
13 14 11 15 

1 6 3 4 
5 7 2 8 
X 9 10 12 
13 14 11 15 

1 3 7 4 
5 6 2 8 
9 14 10 12 
13 X 11 15 

1 3 7 4 
5 X 2 8 
9 6 10 12 
13 14 11 15 

1 3 7 4 
5 2 X 8 
9 6 10 12 
13 14 11 15 

1 3 X 4 
5 2 7 8 
9 6 10 12 
13 14 11 15 

1 X 3 4 
5 2 7 8 
9 6 10 12 
13 14 11 15 

1 2 3 4 
5 X 7 8 
9 6 10 12 
13 14 11 15 

1 2 3 4 
5 6 7 8 
9 X 10 12 
13 14 11 15 

1 2 3 4 
5 6 7 8 
9 10 X 12 
13 14 11 15 

1 2 3 4 
5 6 7 8 
9 10 11 12 
13 14 X 15 

Solution path (with states): 
# nodes generated: 1931
